;LLL;OLnL;PLnL;LOL;OLnO;PLL;PLnO;LOO;PoOO;PLO;PoOP;PLP;OOO;SLO;POO;POP;SOO;SOP ou POS;PPS ou POAAP01;0.14;0.37;0.09;2.15;2.1;0.76;0.96;13.99;02.06;6.8;1.11;0.71;38.1;0.85;21.89;3.56;3.14;0.82;0.4AP02;0.25;0.38;0.1;3.27;1.84;1.33;0.94;15.44;02.04;8.74;1.21;01.07;32.76;1.16;21.21;3.73;3.19;0.96;0.39AP03;0.23;0.39;0.09;03.01;1.81;1.17;0.84;14.96;02.08;8.32;1.21;01.02;34.17;1;21.48;3.81;03.09;0.85;0.43AP04;0.24;0.42;0.1;3.51;1.82;1.3;0.84;16.55;1.75;8.87;0.97;01.04;32.74;1.24;20.43;3.59;3.22;1;0.37AP05;0.19;0.33;0.08;2.69;1.74;1;0.83;14.79;2.11;7.95;1.29;0.95;34.88;01.08;21.66;3.75;3.3;0.91;0.47AP06;0.28;0.41;0.1;3.55;1.89;1.42;0.94;16.21;1.88;8.85;01.03;01.08;32.97;1.15;20.39;3.57;03.03;0.85;0.4AP07;0.12;0.28;0.07;1.96;1.7;0.66;0.77;13.34;2.2;6.56;1.4;0.72;38.65;0.87;22.42;3.7;3.28;0.85;0.45AP08;0.19;0.34;0.08;2.77;1.78;01.05;0.9;14.91;02.06;7.87;1.24;0.89;34.83;1.1;21.43;3.71;3.43;01.02;0.4AP09;0.16;0.32;0.07;2.2;1.76;0.78;0.84;13.39;02.03;6.68;1.23;0.76;38.41;0.92;22.01;3.73;3.31;0.96;0.44AP10;0.25;0.41;0.1;3.38;1.96;1.37;0.97;15.78;2.14;8.99;1.14;01.08;32.01;01.05;21.31;3.81;2.95;0.92;0.38AP11;0.21;0.37;0.09;2.74;1.81;01.07;0.91;14.49;2.26;8.16;1.36;0.99;33.41;0.98;22.71;4.15;2.94;0.93;0.42AP12;0.28;0.46;0.13;3.9;1.87;1.43;0.87;17.19;1.88;09.08;01.01;01.09;32.16;1.25;19.84;3.45;2.88;0.86;0.37AP13;0.18;0.37;0.09;2.39;02.02;0.99;1;13.62;2.83;7.71;1.74;0.92;34.23;0.8;23.25;3.96;2.7;0.85;0.35AP14;0.15;0.33;0.08;2.24;1.87;0.73;0.85;13.92;02.04;6.29;1.11;0.7;40.81;0.83;20.6;3.23;2.96;0.89;0.37AP15;0.25;0.4;0.11;3.33;1.79;1.33;0.87;15.46;02.05;8.75;1.18;01.08;32.68;1.16;21.36;3.83;03.01;0.97;0.39AP16;0.22;0.37;0.09;3.28;1.71;1.26;0.81;15.95;1.96;8.91;01.06;01.07;32.46;1.2;21.37;3.8;03.07;01.02;0.39AP17;0.12;0.29;0.07;02.05;1.75;0.7;0.85;13.62;2.23;6.62;1.42;0.71;38.53;0.88;22.08;3.65;3.11;0.92;0.4AP18;0.23;0.4;0.1;2.98;1.92;1.22;0.91;15;2.19;8.53;1.24;01.06;33.44;0.98;21.89;3.9;2.77;0.85;0.39AP19;0.24;0.4;0.08;2.93;1.9;01.03;0.86;15.25;02.08;7.72;1.14;0.88;35.39;0.96;21.29;3.66;2.94;0.88;0.37AP21;0.2;0.38;0.08;2.55;1.87;0.87;0.87;14.35;02.02;6.98;1.15;0.75;37.39;0.94;21.41;3.61;3.27;0.9;0.41AP22;0.3;0.36;0.11;3.65;1.43;1.27;0.82;16.05;1.67;8.4;0.83;0.9;34.07;1.26;20.85;3.51;3.35;0.83;0.34AP23;0.18;0.28;0.09;2.51;1.49;0.73;0.73;14.06;1.74;6.52;0.93;0.64;38.8;1.1;21.97;3.4;3.61;0.84;0.38AP24;0.3;0.39;0.09;3.92;1.47;1.42;0.72;17.11;1.63;8.79;0.68;0.89;33.14;1.25;20.15;3.35;3.46;0.84;0.4AP25;0.19;0.29;0.08;2.98;1.5;0.97;0.74;15.21;1.62;7.28;0.86;0.75;36.84;1.34;21.05;3.29;3.82;0.8;0.39AP26;0.17;0.33;0.09;2.35;1.53;0.76;0.87;14.01;1.67;6.16;0.84;0.56;40.29;1;21.34;3.24;3.64;0.75;0.4AP27;0.22;0.36;0.09;03.04;1.64;1.13;0.91;14.88;02.08;7.75;1;0.83;34.77;1.14;21.88;3.61;3.48;0.8;0.39AP28;0.22;0.3;0.09;2.71;1.54;0.94;0.72;14.36;1.69;6.98;0.84;0.71;37.18;1.23;21.94;3.45;3.84;0.88;0.38AP29;0.2;0.29;0.08;2.79;1.56;1.24;0.97;13.98;02.09;8.21;1.33;1.24;32.72;1.3;22.74;4.35;3.55;01.01;0.35AP30;0.16;0.26;0.08;2.87;1.57;1.2;0.85;14.2;1.96;8.15;1.14;1.21;33.67;1.23;22.46;4.15;3.54;0.93;0.37AP31;0.1;0.22;0.05;1.96;1.67;0.85;0.83;12.11;2.61;6.67;1.52;01.03;37.43;0.88;23.35;4.15;3.31;0.85;0.41AP32;0.29;0.33;0.1;3.86;1.54;1.8;0.86;15.45;1.98;9.97;01.08;1.49;28.99;1.38;21.88;4.33;3.25;01.07;0.35AP33;0.18;0.28;0.06;2.5;1.52;0.98;0.8;13.74;1.95;7.36;1.14;01.07;35.42;1.17;22.78;4.13;3.57;0.97;0.38AP35;0.29;0.37;0.1;3.31;1.7;1.42;0.97;14.86;02.09;8.59;1.21;1.24;32.41;1.12;21.95;04.07;03.05;0.91;0.34AP36;0.25;0.35;0.08;3.34;1.59;1.48;0.95;15.1;2.11;09.02;1.18;1.34;30.7;1.26;22.26;4.25;3.33;01.07;0.34AP37;0.21;0.35;0.12;03.04;1.7;1.23;01.03;15.16;1.79;08.09;1.15;1.2;33.77;1.38;21.03;3.92;3.57;0.9;0.36AP50;0.155;0.27699;0.049999;2.052;1.614;0.80798;0.81398;13.723;2.214;6.9759;1.176;0.64099;38.386;0.79798;21.632;3.4879;3.7549;0.99998;0.44199AP501;0.188;0.29499;0.065999;2.6239;1.638;1.16;0.85398;14.888;2.143;8.5188;1.092;0.87398;34.236;1.017;21.541;3.7019;3.6349;1.083;0.44599AP502;0.22;0.307;0.062001;2.7;1.744;1.356;0.93901;14.418;2.386;9.0941;1.35;1.018;32.166;01.02;22.015;3.994;3.599;1.21;0.401AP503;0.212;0.299;0.071999;2.885;1.601;1.347;0.86599;15.346;2.157;9.4099;1.123;0.98699;31.965;1.073;21.669;3.765;3.638;1.162;0.424AP53;0.242;0.32899;0.070999;2.9619;1.58;1.371;0.88998;15.278;2.105;9.3878;1.104;1.006;31.744;1.046;21.777;3.8329;3.6879;1.166;0.42099AP59;0.146;0.243;0.048;2.114;1.474;0.86999;0.78899;13.983;2.273;7.8409;1.304;0.77999;35.674;0.91999;22.417;3.855;3.803;1.058;0.409AP61;0.27;0.321;0.066;3.65;1.486;1.681;0.837;17.038;1.921;10.52;0.93;1.093;29.968;1.169;20.551;3.709;3.383;1.057;0.35HP01;0.08;0.19;0.04;01.08;1.51;0.36;0.72;10.54;2;4.73;1.34;0.43;44.09;0.62;23.48;3.71;3.68;0.88;0.52HP02;0.08;0.18;0.04;1.2;1.55;0.35;0.69;10.99;1.96;4.87;1.44;0.52;44.11;0.69;22.32;3.75;3.76;1;0.5HP03;0.09;0.24;0.05;1.43;1.68;0.43;0.74;11.91;1.63;5.15;0.95;0.5;44.29;0.69;22.26;3.37;3.34;0.82;0.43HP04;0.07;0.2;0.05;1.17;1.55;0.38;0.73;10.94;02.08;4.97;1.39;0.5;43.52;0.68;23.29;3.68;3.45;0.93;0.42HP05;0.11;0.21;0.05;1.46;1.57;0.46;0.76;11.67;1.92;5.28;1.36;0.5;42.91;0.8;22.17;3.52;3.77;01.03;0.45HP06;0.11;0.26;0.06;1.63;1.67;0.48;0.77;12.3;2.12;5.46;1.44;0.55;42.21;0.81;21.92;3.42;3.45;0.89;0.45HP07;0.11;0.22;0.06;1.51;1.6;0.52;0.85;11.67;2.18;5.6;1.5;0.57;41.02;0.81;23.03;3.83;3.47;01.04;0.41HP08;0.07;0.19;0.04;1.13;1.56;0.38;0.77;11.34;2.13;05.09;1.4;0.46;43.58;0.68;22.95;3.58;3.3;0.94;0.41HP09;0.08;0.2;0.04;1.15;1.57;0.35;0.71;11.02;1.95;4.87;1.41;0.47;44.51;0.67;22.54;3.47;3.68;0.82;0.49HP10;0.1;0.21;0.05;1.43;1.54;0.45;0.75;11.78;1.99;5.35;1.39;0.52;42.7;0.78;22.44;3.58;3.53;0.96;0.45HP11;0.1;0.22;0.05;1.45;1.57;0.47;0.77;11.81;1.97;5.59;1.38;0.53;42.27;0.8;22.51;3.62;3.57;0.89;0.43HP12;0.12;0.28;0.07;1.49;1.82;0.49;0.87;11.51;02.01;5.13;1.52;0.52;44.16;0.68;21.52;3.27;3.23;0.83;0.48HP13;0.1;0.26;0.06;1.47;1.76;0.45;0.84;12.08;2.1;5.17;1.39;0.47;43.01;0.7;21.96;3.35;3.19;1.17;0.47HP14;0.09;0.21;0.05;1.3;1.61;0.4;0.79;11.43;1.96;4.93;1.41;0.48;44.26;0.74;22.18;3.43;3.47;0.88;0.38HP15;0.14;0.26;0.05;1.71;1.71;0.52;0.83;12.44;02.09;5.52;1.42;0.53;42.16;0.83;21.72;3.41;3.33;0.94;0.39HP16;0.07;0.24;0.05;1.48;1.78;0.46;0.87;12.51;02.03;5.48;1.4;0.53;42.3;0.74;22.04;3.39;3.2;1;0.43HP18;0.13;0.24;0.06;1.76;1.64;0.59;0.84;12.53;02.05;06.06;1.47;0.67;40.28;0.9;22.33;3.59;3.46;0.97;0.43HP19;0.1;0.24;0.06;1.41;1.71;0.47;0.82;11.85;2.53;5.4;1.51;0.54;42.48;0.66;22.64;3.34;03.05;0.82;0.37HP21;0.05;0.18;0.03;1.46;1.33;0.41;0.6;12.2;1.67;4.92;0.97;0.35;44.98;0.71;21.77;3.2;3.94;0.77;0.46HP22;0.07;0.2;0.03;1.5;1.46;0.39;0.65;12.37;1.72;4.94;01.01;0.33;45.04;0.74;21.61;3.18;3.65;0.68;0.43HP23;0.08;0.19;0.03;1.67;1.46;0.45;0.62;12.82;1.66;05.03;0.9;0.36;44.69;0.79;21.21;03.05;3.9;0.7;0.39HP24;0.1;0.22;0.05;1.82;1.52;0.46;0.59;13.77;1.39;4.75;0.91;0.52;45;0.88;20.26;2.91;3.84;0.6;0.41HP25;0.07;0.19;0.04;1.57;1.42;0.39;0.61;12.77;1.67;4.93;0.99;0.41;45.63;0.73;20.85;03.01;3.65;0.69;0.38HP26;0.06;0.18;0.03;1.52;1.43;0.39;0.62;12.39;1.59;4.74;0.92;0.33;45.84;0.7;21.21;3.1;3.81;0.73;0.41HP291;0.08;0.17;0.05;1.3;1.3;0.41;0.6;11.02;1.69;5;1.34;0.57;43.89;0.94;22.26;3.61;4.38;0.91;0.48HP292;0.12;0.24;0.07;1.66;1.5;0.54;0.76;12.22;1.97;5.78;1.38;0.69;41.16;0.93;22.34;3.64;3.78;0.8;0.42HP293;0.11;0.23;0.07;1.65;1.45;0.55;0.69;12.21;1.98;5.9;1.4;0.71;40.75;0.95;22.52;3.73;3.81;0.87;0.42HP294;0.07;0.16;0.05;1.11;1.36;0.37;0.6;10.34;1.93;4.8;1.31;0.55;44.68;0.8;22.99;3.65;3.98;0.84;0.41HP295;0.08;0.19;0.07;1.43;1.39;0.5;0.69;11.63;2.13;5.81;1.53;0.71;40.7;0.87;23.36;3.92;3.7;0.92;0.37HP296;0.08;0.15;0.05;1.26;1.44;0.42;0.67;11.33;1.94;5.15;1.42;0.59;44.34;0.86;22.32;2.99;3.96;0.6;0.43HP297;0.1;0.19;0.05;1.41;1.49;0.46;0.67;11.65;1.88;5.32;1.31;0.62;43.19;0.86;22.25;3.48;3.82;0.81;0.44HP31;0.09;0.156;0.028;0.987;1.351;0.309;0.645;10.7;1.97;4.861;1.464;0.478;45.682;0.689;22.179;3.116;3.957;0.883;0.455HP33;0.109;0.177;0.043;1.463;1.44;0.48;0.719;12.235;2.058;5.589;1.301;0.541;42.971;0.814;21.203;3.34;04.08;0.995;0.441HP34;0.073167;0.16337;0.029066;1.2308;1.4052;0.40793;0.67053;12.179;2.185;5.4865;1.3832;0.53823;42.983;0.82989;21.256;3.3587;4.2978;1.0193;0.50315HP35;0.102;0.159;0.032;01.05;1.376;0.369;0.687;10.842;2.068;5.015;1.494;0.497;44.913;0.733;21.976;3.323;4.018;0.894;0.451HP361;0.087;0.15;0.025;1.026;1.425;0.362;0.692;10.663;02.05;4.644;1.377;0.404;46.41;0.648;21.598;3.17;3.92;0.898;0.449NI13;0.09;0.22;0.04;1.77;1.53;0.6;0.63;12.44;1.92;05.03;0.58;0.3;45.9;0.54;21.53;2.89;03.01;0.58;0.4NI14;0.03;0.22;0.03;1.3;1.72;0.41;0.73;11.22;1.65;04.06;0.47;0.17;49.61;0.6;20.87;2.62;3.3;0.55;0.44NI15;0.06;0.22;0.04;1.89;1.43;0.56;0.59;13.12;1.27;4.69;0.42;0.25;48.04;0.55;19.98;2.56;3.31;0.58;0.44NI18;0.04;0.2;0.03;01.02;1.52;0.28;0.58;11.18;01.03;3.85;0.52;0.37;52.45;0.56;19.57;2.38;3.3;0.55;0.57NI19;0.03;0.19;0.04;1.14;1.6;0.33;0.68;11.49;1.3;4.25;0.65;0.43;50.58;0.52;20.1;2.6;3;0.53;0.54NI20;0.04;0.2;0.04;1.28;1.61;0.42;0.8;11.82;1.48;4.73;0.75;0.51;47.75;0.58;21.04;2.77;3.1;0.59;0.49NI21;0.03;0.21;0.03;1;1.66;0.29;0.67;10.94;1.32;04.05;0.67;0.42;50.33;0.57;20.74;2.68;3.33;0.56;0.5NI22;0.08;0.26;0.07;02.03;1.64;0.68;0.78;14.27;1.83;6.24;0.87;0.69;41.68;0.78;20.99;03.01;2.9;0.65;0.55NI23;0.03;0.19;0.04;1.23;1.67;0.35;0.71;11.56;1.11;04.05;0.6;0.43;51.66;0.59;19.05;2.34;3.19;0.57;0.63NI24;0.05;0.22;0.07;1.45;1.56;0.4;0.62;13;1.29;4.68;0.66;0.47;48.51;0.54;19.93;2.6;2.78;0.57;0.6NI25;0.05;0.21;0.04;1.5;1.42;0.42;0.62;13.18;1.31;05.02;0.61;0.52;47.11;0.63;20.63;2.8;2.88;0.5;0.55NI27;0.04;0.19;0.05;1.39;1.54;0.42;0.6;12.48;1.17;4.57;0.55;0.44;48.82;0.85;19.55;2.53;3.78;0.6;0.43NI28;0.05;0.21;0.05;1.82;1.55;0.61;0.75;13.75;1.57;5.54;0.69;0.62;44.05;01.01;20.48;2.69;3.42;0.74;0.4NI30;0.04;0.19;0.05;1.6;1.57;0.58;0.8;12.94;1.52;5.57;0.69;0.65;44.13;0.82;21.36;2.89;3.65;0.57;0.38NI31;0.05;0.21;0.05;1.66;1.59;0.5;0.61;13.3;1.28;4.83;0.56;0.45;48.01;0.84;19.24;2.48;3.4;0.54;0.4NI32;0.04;0.18;0.04;1.63;1.42;0.46;0.58;12.94;1.28;4.87;0.6;0.54;46.9;0.88;19.87;2.69;3.91;0.74;0.43NI33;0.04;0.18;0.03;1.5;1.45;0.44;0.59;13.14;1.34;4.76;0.59;0.51;47.57;0.82;19.77;2.62;3.56;0.68;0.41NI34;0.05;0.2;0.06;1.5;1.68;0.48;0.67;12.41;1.35;4.72;0.65;0.49;48.26;0.77;19.63;2.7;3.43;0.56;0.39NI332;0.04;0.21;0.07;1.4;1.59;0.43;0.65;12.39;1.15;4.62;0.59;0.47;48.89;0.73;19.97;2.67;3.22;0.51;0.4NI333;0.04;0.2;0.04;1.47;1.62;0.45;0.64;12.42;1.4;4.85;0.71;0.52;46.83;0.84;20.61;2.78;3.62;0.54;0.42NI35;0.046;0.161;0.025;1.137;1.408;0.322;0.538;12.607;1.436;4.663;0.727;0.415;50.256;0.592;19.22;2.373;2.972;0.539;0.563NI37;0.042001;0.132;0.023;0.82102;1.438;0.26201;0.53701;9.9932;1.394;3.5351;0.60001;0.26601;54.227;0.55901;19;2.091;3.8981;0.65801;0.52301NI39;0.086055;0.19613;0.030019;1.1848;1.6951;0.44729;0.70045;11.695;2.1624;5.1613;1.1217;0.48331;43.293;0.58537;22.915;3.6053;3.4062;0.75248;0.47931NI40;0.046;0.143;0.022;0.799;1.526;0.25;0.633;10.086;1.519;3.777;0.738;0.289;52.481;0.472;20.32;2.388;3.34;0.574;0.597NI41;0.05;0.159;0.029;1.055;1.38;0.346;0.59;11.518;1.639;4.667;0.811;0.387;48.745;0.565;20.628;2.698;3.471;0.693;0.569NI42;0.036;0.141;0.021;0.95101;1.443;0.286;0.57601;11.525;1.128;3.908;0.474;0.203;53.003;0.431;19.238;2.338;3.325;0.57601;0.397NI45;0.05;0.164;0.026;1.224;1.331;0.352;0.51299;12.747;1.542;4.861;0.80999;0.407;49.158;0.64499;19.441;2.357;3.241;0.59599;0.53599NI47;0.04;0.137;0.021;0.79799;1.406;0.212;0.5;10.471;1.088;3.519;0.53999;0.275;55.019;0.57199;18.408;2.027;3.804;0.53099;0.63199NM04;0.13;0.39;0.08;2.32;1.97;0.64;0.89;14.94;1.33;5.97;0.7;0.73;40.76;0.97;20.44;3.25;3.44;0.7;0.35NM05;0.07;0.2;0.05;1.45;1.74;0.53;0.85;10.4;2.31;4.69;1.56;0.62;44.93;0.7;22.06;3.59;3.2;0.66;0.39NM06;0.18;0.42;0.12;3.12;1.98;1.16;01.07;15.96;1.98;8.22;1.24;1.1;34.37;1.16;20.22;3.63;03.06;0.67;0.34NM07;0.11;0.31;0.07;2.24;1.78;0.59;0.72;14.36;1.39;5.47;0.69;0.66;41.86;1.16;20.08;3.43;3.96;0.74;0.38NM08;0.1;0.34;0.08;2.32;1.9;0.62;0.78;14.97;1.36;5.83;0.7;0.69;41.31;01.08;20.04;3.22;3.6;0.7;0.36NM09;0.13;0.42;0.1;2.38;2.13;0.65;0.9;14.93;1.37;5.76;0.64;0.71;41.59;0.94;19.74;3.38;3.26;0.61;0.36NM10;0.14;0.35;0.11;2.67;1.86;0.91;0.95;15.12;1.78;7.23;1.16;0.99;37.96;1.2;20.47;3.1;2.94;0.71;0.35NM11;0.12;0.37;0.08;2.47;1.91;0.68;0.82;15.2;1.45;6.36;0.83;0.78;39.87;0.93;20.38;3.29;3.41;0.7;0.35NM17;0.093;0.295;0.06;1.444;1.908;0.511;0.855;12.89;1.456;5.035;0.544;0.345;45.43;0.686;20.308;2.947;3.825;0.894;0.474NM19;0.09;0.267;0.049;1.391;1.743;0.476;0.836;12.595;1.381;4.727;0.516;0.308;47.238;0.696;19.676;2.823;3.92;0.841;0.427NM20;0.1;0.302;0.057;1.534;1.875;0.546;0.828;13.256;1.553;5.321;0.623;0.376;44.025;0.759;20.478;2.92;3.962;1.024;0.461NM21;0.088;0.256;0.056;1.269;1.697;0.421;0.755;11.865;1.469;4.72;0.559;0.32;47.388;0.695;19.88;2.891;4.252;0.978;0.441NM23;0.07;0.24;0.07;01.02;1.83;0.29;0.66;10.94;1.28;04.09;0.7;0.41;50.33;0.77;19.01;2.31;4.51;0.84;0.63NM24;0.102;0.333;0.070999;1.496;1.931;0.45;0.85599;13.156;1.357;5.1469;0.493;0.356;45.483;0.68899;20.279;2.946;3.583;0.81599;0.457NY08;0.07;0.17;0.04;1.61;1.7;0.3;0.55;12.84;1.22;04.01;0.59;0.33;49.57;0.93;18.38;2.31;4.15;0.74;0.49NY09;0.04;0.15;0.04;1.38;1.67;0.21;0.44;12.53;1.15;3.65;0.39;0.36;51.43;0.89;18.09;2.15;4.21;0.75;0.47NY13;0.06;0.17;0.05;1.72;1.86;0.28;0.52;13.45;1.19;04.04;0.41;0.42;49.77;01.03;17.48;02.09;4.22;0.81;0.43NY14;0.06;0.2;0.02;1.22;1.16;0.22;0.49;12.15;0.94;3.27;0.25;0.17;54.95;0.9;16.55;1.87;4.61;0.55;0.42NY15;0.07;0.19;0.03;1.42;1.57;0.24;0.39;12.51;0.84;3.28;0.23;0.19;54.1;0.9;16.55;1.89;4.57;0.61;0.42NY16;0.06;0.18;0.02;1.35;1.57;0.26;0.45;12.57;0.92;3.25;0.24;0.18;54.05;0.76;16.88;1.98;4.29;0.57;0.42NY17;0.06;0.18;0.02;1.34;1.59;0.23;0.41;12.23;0.86;3.16;0.23;0.17;54.86;0.8;16.62;1.92;4.49;0.58;0.45NY18;0.07;0.24;0.08;1.24;1;0.24;0.47;12.8;01.03;3.25;0.24;0.17;54.8;0.91;16.14;1.83;4.59;0.52;0.4NY19;0.06;0.21;0.01;1.67;1.45;0.12;0.26;13.38;0.63;3.2;0.27;0.16;54.56;0.47;16.31;1.93;4.33;0.53;0.45NY20;0.03;0.15;0.03;1.17;1.53;0.2;0.38;11.54;0.87;03.03;0.25;0.17;55.39;0.74;16.93;1.97;4.55;0.58;0.49NY21;0.06;0.22;0.02;1.35;1.51;0.23;0.52;12.6;0.91;3.23;0.26;0.18;54.44;0.42;16.63;1.98;4.46;0.58;0.4NY23;0.06;0.18;0.02;1.34;1.59;0.23;0.41;12.23;0.86;3.16;0.23;0.17;54.86;0.8;16.62;1.92;4.49;0.58;0.45NY24;0.03;0.16;0.03;1.38;1.58;0.22;0.4;12.34;0.88;3.25;0.26;0.19;54.03;0.83;16.9;1.97;4.58;0.55;0.42NY25;0.06;0.21;0.04;1.37;1.44;0.1;0.26;12.27;0.61;2.99;0.26;0.14;55.82;0.45;16.44;1.94;4.59;0.53;0.48NY26;0.06;0.18;0.02;1.34;1.55;0.23;0.42;12.43;0.92;3.26;0.24;0.19;53.97;0.81;17.02;1.98;4.37;0.57;0.44NY34;0.046001;0.139;0.015;0.94503;1.479;0.26501;0.47001;11.16;1.1;3.1801;0.32201;0.17301;54.998;0.74502;16.979;1.8451;4.9571;0.68602;0.49601NY35;0.047999;0.125;0.016999;0.84797;1.429;0.25299;0.45999;10.34;0.96497;2.8719;0.28199;0.155;56.692;0.68998;16.508;1.65;5.3708;0.75598;0.53998NY342;0.045;0.137;0.018;0.972;1.501;0.265;0.466;11.233;1.112;3.16;0.297;0.15;54.97;0.773;16.951;1.848;4.887;0.715;0.5NY36;0.060001;0.128;0.022;0.98901;1.388;0.267;0.431;10.92;0.96801;2.998;0.254;0.159;56.262;0.81001;16.119;1.688;5.2921;0.73301;0.51201NY37;0.045005;0.13202;0.010001;0.94011;1.4842;0.26903;0.48706;11.163;1.0541;3.1324;0.31104;0.15702;55.041;0.69508;16.863;1.9022;5.0536;0.74509;0.51506NY41;0.056;0.143;0.023;1.017;1.581;0.289;0.468;11.359;1.101;3.241;0.327;0.197;54.678;0.857;16.625;1.859;5.006;0.692;0.481NY42;0.058999;0.153;0.023;1.097;1.581;0.323;0.50199;11.649;1.052;3.313;0.307;0.176;54.393;0.76199;16.563;1.776;5.0229;0.70499;0.54299VB01;0.32;0.47;0.11;3.99;1.95;1.61;0.89;16.69;02.02;9.56;01.08;1.22;31.14;1.13;20.36;3.59;2.68;0.8;0.39VB02;0.41;0.51;0.14;4.8;1.8;1.89;0.91;18.31;1.87;10.74;0.89;1.35;27.8;1.31;19.78;3.71;2.54;0.94;0.3VB03;0.11;0.35;0.08;1.99;2.12;0.81;0.92;13.16;3.31;7.38;1.71;0.82;35.2;0.66;23.59;4.11;2.55;0.73;0.4VB04;0.12;0.31;0.07;02.06;1.87;0.65;0.81;13.85;1.76;6.14;0.97;0.61;40.99;0.74;21.44;3.4;03.01;0.8;0.4VB05;0.25;0.39;0.09;3.28;1.85;1.31;0.94;15.53;1.99;8.68;1.12;01.02;32.86;01.08;21.36;3.77;3.12;0.96;0.4VB06;0.29;0.45;0.1;3.63;1.93;1.44;0.89;16.11;2.13;9.1;1.15;1.1;31.99;01.06;20.92;3.71;2.76;0.85;0.39VB07;0.28;0.45;0.1;3.54;1.97;1.36;0.93;16.36;1.88;8.79;1;01.01;32.99;01.08;20.5;3.58;2.94;0.86;0.38VB08;0.33;0.43;0.11;4;1.76;1.82;0.94;16.45;1.94;10.48;01.04;1.36;28.78;1.25;21.08;3.92;2.96;0.98;0.37VB09;0.36;0.47;0.13;4.33;1.78;02.01;0.93;16.62;2.12;11.29;1.21;1.6;26.47;1.28;21.14;4.24;2.68;0.96;0.38VB10;0.39;0.44;0.13;4.74;1.84;1.79;0.81;17.88;2;9.72;0.98;1.14;30.86;1.2;19.16;3.15;2.57;0.82;0.38VB11;0.27;0.41;0.11;3.54;1.82;1.58;0.96;15.71;02.07;9.74;1.14;1.24;30.31;1.15;21.6;3.97;03.02;0.97;0.39VB12;0.31;0.44;0.1;3.7;1.91;1.57;0.98;16.06;02.09;9.68;1.16;1.21;30.23;01.08;21.3;3.97;2.87;0.98;0.36VB13;0.24;0.4;0.1;3.95;1.86;1.55;0.84;17.13;2.12;9.44;0.99;1.12;31.56;1.23;19.91;3.42;2.89;0.91;0.34VB14;0.25;0.41;0.1;3.1;1.9;1.14;0.85;15.35;2.12;8.39;1.21;0.98;33.88;0.99;21.56;3.74;2.85;0.8;0.38VB15;0.24;0.41;0.1;2.8;2;01.09;01.03;15.11;2.17;8.27;1.33;0.87;35.22;0.96;22.39;1.92;3.18;0.49;0.42VB16;0.3;0.31;0.09;4.12;1.54;1.59;0.73;16.16;1.96;9.29;0.76;01.06;30.85;1.3;21.48;3.78;3.46;0.88;0.34VB25;0.24;0.32;0.08;3.49;1.66;1.11;0.74;15.79;1.74;7.45;0.76;0.72;36.43;01.05;20.57;3.32;3.41;0.79;0.33VB27;0.35;0.36;0.08;4.69;1.55;1.95;0.76;18;1.74;10.07;0.57;0.89;30.48;0.94;19.89;3.42;03.09;0.84;0.35VB28;0.29;0.34;0.1;04.01;1.63;1.47;0.75;16.44;1.87;8.99;0.79;0.96;32.1;01.03;21.16;3.65;3.29;0.8;0.33VB29;0.45;0.51;0.14;4.1;1.56;1.58;0.87;16.67;1.93;09.08;0.77;0.99;32.13;1.21;20.46;3.39;3.11;0.74;0.31VB30;0.34;0.37;0.1;4.47;1.59;1.63;0.73;17.08;1.65;9.22;0.66;01.01;31.96;1.23;20.06;3.42;3.39;0.76;0.33VB31;0.29;0.36;0.12;3.65;1.59;1.67;0.98;15.48;1.88;9.42;1.1;1.44;30.52;1.39;21.48;4.14;3.22;0.91;0.36VB32;0.21;0.3;0.08;03.09;1.56;1.34;0.9;14.78;2.13;8.74;1.28;1.26;32.12;1.13;22.41;4.14;3.19;0.96;0.38VB33;0.26;0.33;0.1;3.23;1.62;1.47;0.98;14.74;1.92;8.77;1.14;1.38;32.23;1.26;21.99;3.96;3.33;0.93;0.36VB34;0.29;0.34;0.08;3.84;1.51;1.83;0.98;15.79;1.89;9.75;1.12;1.66;28.84;1.44;21.49;4.48;3.37;0.94;0.36VB35;0.17;0.29;0.08;2.56;1.6;01.06;0.86;13.79;1.97;7.69;1.2;1.16;35;1.1;22.48;04.08;3.56;0.95;0.4VB36;0.28;0.35;0.11;3.57;1.54;1.6;0.85;15.14;1.98;9.39;1.18;1.41;30.79;1.3;21.8;4.15;3.22;0.98;0.36VB37;0.39;0.37;0.11;4.5;1.48;2.2;0.85;16.25;1.87;11.1;01.05;1.73;26.92;1.47;21.05;4.31;03.05;0.98;0.32VB38;0.34;0.34;0.11;4.15;1.44;1.87;0.82;16.06;1.84;10.21;01.01;1.56;28.6;1.47;21.36;4.2;3.26;01.03;0.33VB39;0.17;0.26;0.07;2.79;1.41;01.09;0.74;14.65;1.73;08.07;0.97;1.1;34.53;1.23;22.39;3.92;3.52;1;0.36VB40;0.11;0.27;0.07;2.13;1.71;0.78;0.83;13.41;1.76;6.47;01.03;0.91;38.99;0.93;22.23;3.67;3.19;1.14;0.37VB63;0.183;0.291;0.058;2.405;1.609;1.065;0.868;14.506;2.231;8.024;1.135;0.766;36.205;0.843;21.535;3.517;3.361;01.02;0.378VB64;0.133;0.273;0.060001;1.846;1.876;0.98301;1.008;12.591;3.261;7.8601;1.721;0.83401;34.833;0.67301;23.691;4.226;2.834;0.91001;0.386VB65;0.20807;0.31511;0.057021;2.4829;1.6866;0.99336;0.79829;14.088;2.0457;7.7658;1.2224;0.76027;37.67;0.77228;20.899;3.3482;3.4162;0.90032;0.57121VB666;0.303;0.364;0.075001;3.585;1.694;1.635;0.91701;16.339;2.252;9.8501;01.08;1.021;31.012;1.063;20.556;3.476;3.339;01.06;0.378VB67;0.30901;0.37801;0.077002;3.6871;1.651;1.604;0.83202;16.431;2.141;10.519;1.256;1.191;30.221;1.064;20.362;3.5381;3.2031;1.027;0.50801VB68;0.329;0.37;0.073001;04.04;1.533;1.815;0.84301;17.153;2.11;11.263;1.005;1.256;28;1.131;20.672;3.79;3.185;1.091;0.34VB71;0.301;0.359;0.074;3.606;1.638;1.738;0.935;16.53;2.238;10.574;1.118;1.095;29.515;1.046;21.566;3.246;3.141;0.929;0.351VB72;0.17;0.278;0.045;2.151;1.7;0.88701;0.76901;13.644;2.184;7.3711;1.28;0.71101;38.713;0.74601;21.032;3.356;3.493;0.90001;0.56901VB73;0.155;0.262;0.048;1.895;1.743;0.92499;0.90299;13.695;2.482;7.2919;1.165;0.65899;38.019;0.80199;21.805;3.438;3.355;0.95699;0.401VB74;0.201;0.30599;0.058999;2.5659;1.842;1.271;0.86198;14.659;2.402;8.5108;1.179;0.80398;34.412;0.87798;21.589;3.6339;3.4769;0.96898;0.37999VB77;0.337;0.389;0.079999;4.088;1.648;1.884;0.91099;17.313;2.13;10.977;0.96299;1.171;28.529;1.108;20.343;3.577;3.132;1.096;0.325VB78;0.32401;0.38201;0.074002;3.8721;1.6601;1.7691;0.90503;17.094;2.1001;10.459;0.95403;1.097;29.985;1.103;20.317;3.4501;3.0591;1.066;0.33001VB80;0.309;0.367;0.076001;3.687;1.607;1.586;0.81801;16.332;2.154;10.438;1.186;1.149;30.195;1.022;20.499;3.684;3.284;1.079;0.52701VB82;0.265;0.34;0.059999;3.488;1.573;1.426;0.83599;16.492;1.947;9.7039;1.135;1.109;32.409;1.238;19.961;3.146;3.337;1.034;0.50099
